Тип мутации: мутация инверсией. Очень низкая вероятность мутации	Тип мутации: стандартная. Вероятность мутации: 0.5	Тип мутации: мутация переводом. Низкая вероятность мутации	Тип мутации: стандартная. Вероятность мутации: 1.5	Тип мутации: мутация вставкой. Средняя вероятность мутации	Тип мутации: мутация переводом. Высокая вероятность мутации	Тип мутации: мутация переводом. Средняя вероятность мутации	Тип мутации: мутация вставкой. Низкая вероятность мутации	Тип мутации: мутация переводом. Очень высокая вероятность мутации	Тип мутации: стандартная. Вероятность мутации: 2.0	Тип мутации: мутация вставкой. Очень высокая вероятность мутации	Тип мутации: стандартная. Вероятность мутации: 1.0	Тип мутации: мутация переводом. Очень низкая вероятность мутации	Тип мутации: мутация инверсией. Высокая вероятность мутации	Тип мутации: мутация инверсией. Средняя вероятность мутации	Тип мутации: мутация вставкой. Очень низкая вероятность мутации	Тип мутации: стандартная. Вероятность мутации: 0.2	Тип мутации: мутация вставкой. Высокая вероятность мутации	Тип мутации: мутация инверсией. Низкая вероятность мутации	Тип мутации: мутация инверсией. Очень высокая вероятность мутации
10		0.050882352941176476	0.04970588235294118	0.05029411764705883	0.04970588235294118	0.04970588235294118	0.04970588235294118	0.050882352941176476	0.04970588235294118	0.04970588235294118	0.04970588235294118	0.04970588235294118	0.05029411764705883	0.05029411764705883	0.04970588235294118	0.05029411764705883	0.04970588235294118	0.04970588235294118	0.04970588235294118	0.05029411764705883	0.05029411764705883
20		0.050588235294117656	0.04941176470588236	0.05000000000000001	0.04941176470588236	0.04941176470588236	0.04941176470588236	0.050588235294117656	0.04941176470588236	0.04941176470588236	0.04941176470588236	0.04941176470588236	0.05000000000000001	0.0511764705882353	0.04941176470588236	0.05000000000000001	0.0511764705882353	0.05000000000000001	0.04941176470588236	0.05176470588235295	0.050588235294117656
30		0.05264705882352942	0.049117647058823544	0.05147058823529413	0.049117647058823544	0.049117647058823544	0.049117647058823544	0.05088235294117648	0.049117647058823544	0.049117647058823544	0.049117647058823544	0.049117647058823544	0.04970588235294119	0.05088235294117648	0.049117647058823544	0.04970588235294119	0.05147058823529413	0.04970588235294119	0.049117647058823544	0.052058823529411775	0.050294117647058836
40		0.05294117647058825	0.048823529411764724	0.05117647058823531	0.048823529411764724	0.05000000000000002	0.048823529411764724	0.05058823529411766	0.04941176470588237	0.048823529411764724	0.048823529411764724	0.048823529411764724	0.04941176470588237	0.051764705882352956	0.048823529411764724	0.05000000000000002	0.05117647058823531	0.05000000000000002	0.04941176470588237	0.051764705882352956	0.05058823529411766
50		0.05264705882352943	0.048529411764705904	0.05088235294117649	0.048529411764705904	0.0497058823529412	0.048529411764705904	0.05029411764705884	0.05088235294117649	0.048529411764705904	0.048529411764705904	0.048529411764705904	0.04911764705882355	0.05205882352941178	0.048529411764705904	0.05088235294117649	0.05088235294117649	0.05088235294117649	0.04911764705882355	0.05264705882352943	0.05029411764705884
60		0.052941176470588255	0.048235294117647085	0.05058823529411767	0.048235294117647085	0.04941176470588238	0.048235294117647085	0.050000000000000024	0.051176470588235316	0.048235294117647085	0.048235294117647085	0.048235294117647085	0.04882352941176473	0.0535294117647059	0.048235294117647085	0.05058823529411767	0.051176470588235316	0.05176470588235296	0.04882352941176473	0.0535294117647059	0.050000000000000024
70		0.05500000000000002	0.04852941176470591	0.05029411764705885	0.047941176470588265	0.04911764705882356	0.047941176470588265	0.049705882352941204	0.0508823529411765	0.047941176470588265	0.047941176470588265	0.047941176470588265	0.04852941176470591	0.05382352941176473	0.047941176470588265	0.05029411764705885	0.0508823529411765	0.05147058823529414	0.04852941176470591	0.054411764705882375	0.0508823529411765
80		0.05647058823529414	0.04823529411764709	0.05000000000000003	0.047647058823529445	0.04882352941176474	0.047647058823529445	0.049411764705882384	0.05058823529411768	0.047647058823529445	0.047647058823529445	0.047647058823529445	0.04823529411764709	0.0547058823529412	0.04823529411764709	0.05000000000000003	0.05058823529411768	0.05294117647058826	0.04823529411764709	0.0547058823529412	0.05058823529411768
90		0.058529411764705906	0.04794117647058827	0.04970588235294121	0.047352941176470625	0.04852941176470592	0.047352941176470625	0.049117647058823564	0.05147058823529415	0.047352941176470625	0.047352941176470625	0.047352941176470625	0.04794117647058827	0.05441176470588238	0.04794117647058827	0.04970588235294121	0.052058823529411796	0.05323529411764709	0.04794117647058827	0.05441176470588238	0.05029411764705886
100		0.05941176470588238	0.0482352941176471	0.05000000000000004	0.047058823529411806	0.04941176470588239	0.047058823529411806	0.048823529411764745	0.05117647058823533	0.047058823529411806	0.047058823529411806	0.047058823529411806	0.04764705882352945	0.05411764705882356	0.04764705882352945	0.04941176470588239	0.05294117647058827	0.053529411764705916	0.04764705882352945	0.05411764705882356	0.050588235294117684
110		0.06029411764705885	0.04794117647058828	0.05147058823529416	0.046764705882352986	0.04911764705882357	0.046764705882352986	0.048529411764705925	0.05088235294117651	0.046764705882352986	0.046764705882352986	0.046764705882352986	0.04735294117647063	0.05558823529411768	0.04735294117647063	0.04911764705882357	0.05264705882352945	0.05382352941176474	0.04735294117647063	0.05441176470588239	0.050294117647058864
120		0.06176470588235297	0.04764705882352946	0.05117647058823534	0.046470588235294166	0.0494117647058824	0.046470588235294166	0.048235294117647105	0.05117647058823534	0.046470588235294166	0.046470588235294166	0.046470588235294166	0.04705882352941181	0.05588235294117651	0.04705882352941181	0.0494117647058824	0.05235294117647063	0.054705882352941215	0.04764705882352946	0.05411764705882357	0.050000000000000044
130		0.06323529411764706	0.04852941176470593	0.05088235294117652	0.04617647058823535	0.04911764705882358	0.04617647058823535	0.047941176470588286	0.051470588235294164	0.04617647058823535	0.04617647058823535	0.04617647058823535	0.04676470588235299	0.05558823529411769	0.04676470588235299	0.04911764705882358	0.05382352941176475	0.054411764705882396	0.04735294117647064	0.054411764705882396	0.049705882352941225
140		0.06294117647058817	0.04882352941176476	0.051176470588235344	0.04588235294117653	0.04882352941176476	0.04588235294117653	0.047647058823529466	0.05176470588235299	0.04588235294117653	0.04588235294117653	0.04588235294117653	0.04647058823529417	0.05529411764705887	0.04647058823529417	0.049411764705882405	0.05470588235294122	0.05470588235294122	0.047647058823529466	0.05529411764705887	0.049411764705882405
150		0.06323529411764693	0.04852941176470594	0.05205882352941182	0.04558823529411771	0.04852941176470594	0.04558823529411771	0.047352941176470646	0.05147058823529417	0.04558823529411771	0.04558823529411771	0.04558823529411771	0.046764705882353	0.055588235294117695	0.046176470588235353	0.04970588235294123	0.055588235294117695	0.05500000000000005	0.047352941176470646	0.055588235294117695	0.049117647058823585
160		0.0635294117647057	0.04941176470588241	0.052352941176470644	0.04529411764705889	0.04823529411764712	0.04529411764705889	0.047058823529411827	0.051764705882353	0.04529411764705889	0.04529411764705889	0.04529411764705889	0.04647058823529418	0.05588235294117652	0.045882352941176534	0.04941176470588241	0.057058823529411815	0.05470588235294123	0.04764705882352947	0.055294117647058875	0.048823529411764766
170		0.06441176470588211	0.050294117647058885	0.05264705882352947	0.04500000000000007	0.048529411764705946	0.04500000000000007	0.04676470588235301	0.05147058823529418	0.04500000000000007	0.04500000000000007	0.04500000000000007	0.04617647058823536	0.0555882352941177	0.045588235294117714	0.04911764705882359	0.056764705882352995	0.05617647058823535	0.04735294117647065	0.0555882352941177	0.048529411764705946
180		0.06411764705882322	0.050000000000000065	0.0529411764705883	0.04470588235294125	0.048235294117647126	0.04470588235294125	0.04705882352941183	0.05235294117647065	0.04470588235294125	0.04470588235294125	0.04470588235294125	0.04588235294117654	0.056470588235294175	0.045294117647058894	0.04882352941176477	0.05705882352941182	0.05764705882352947	0.04705882352941183	0.05529411764705888	0.048235294117647126
190		0.0655882352941173	0.05029411764705889	0.05264705882352948	0.04441176470588243	0.047941176470588306	0.04441176470588243	0.046764705882353014	0.05205882352941183	0.04441176470588243	0.04441176470588243	0.04441176470588243	0.04558823529411772	0.056764705882353	0.045000000000000075	0.0491176470588236	0.05852941176470594	0.05735294117647065	0.046764705882353014	0.05558823529411771	0.047941176470588306
200		0.06647058823529371	0.05000000000000007	0.05235294117647066	0.04411764705882361	0.04764705882352949	0.04411764705882361	0.046470588235294194	0.05352941176470595	0.04411764705882361	0.04411764705882361	0.04411764705882361	0.0452941176470589	0.05647058823529418	0.044705882352941255	0.04882352941176478	0.05882352941176477	0.05823529411764712	0.046470588235294194	0.05647058823529418	0.04764705882352949
210		0.06735294117647013	0.04970588235294125	0.05205882352941184	0.04382352941176479	0.04735294117647067	0.04382352941176479	0.04676470588235302	0.05382352941176478	0.04382352941176479	0.04382352941176479	0.04382352941176479	0.04500000000000008	0.05852941176470595	0.044411764705882435	0.04852941176470596	0.05852941176470595	0.0579411764705883	0.046176470588235374	0.057352941176470655	0.04735294117647067
220		0.06705882352941124	0.04941176470588243	0.05294117647058831	0.04352941176470597	0.047647058823529494	0.04352941176470597	0.0464705882352942	0.05352941176470596	0.04352941176470597	0.04352941176470597	0.04352941176470597	0.04470588235294126	0.058823529411764774	0.044117647058823616	0.04823529411764714	0.05941176470588242	0.058823529411764774	0.045882352941176555	0.05823529411764713	0.04705882352941185
230		0.06794117647058766	0.04911764705882361	0.05264705882352949	0.04323529411764715	0.047352941176470674	0.04323529411764715	0.04617647058823538	0.05323529411764714	0.04323529411764715	0.04323529411764715	0.04323529411764715	0.04441176470588244	0.060294117647058894	0.04441176470588244	0.04794117647058832	0.060294117647058894	0.0591176470588236	0.045588235294117735	0.058529411764705955	0.04676470588235303
240		0.06823529411764642	0.04882352941176479	0.053529411764705964	0.04294117647058833	0.047058823529411854	0.04294117647058833	0.04588235294117656	0.05294117647058832	0.04294117647058833	0.04294117647058833	0.04294117647058833	0.04411764705882362	0.06117647058823537	0.04470588235294127	0.0476470588235295	0.06117647058823537	0.05941176470588243	0.045294117647058915	0.05882352941176478	0.04647058823529421
250		0.07029411764705815	0.048529411764705974	0.05382352941176479	0.04264705882352951	0.046764705882353035	0.04264705882352951	0.04617647058823539	0.053235294117647144	0.04264705882352951	0.04264705882352951	0.04264705882352951	0.0438235294117648	0.06088235294117655	0.04441176470588245	0.04735294117647068	0.06205882352941184	0.059705882352941254	0.045000000000000095	0.05852941176470596	0.04617647058823539
260		0.07058823529411691	0.0488235294117648	0.05352941176470597	0.04235294117647069	0.04705882352941186	0.04294117647058834	0.04588235294117657	0.052941176470588325	0.04235294117647069	0.04235294117647069	0.04235294117647069	0.04411764705882363	0.06176470588235302	0.04411764705882363	0.04705882352941186	0.062352941176470666	0.06000000000000008	0.044705882352941276	0.05882352941176479	0.04588235294117657
270		0.07147058823529333	0.04911764705882363	0.05323529411764715	0.04205882352941187	0.04676470588235304	0.04264705882352952	0.04676470588235304	0.05323529411764715	0.04205882352941187	0.04205882352941187	0.04205882352941187	0.04382352941176481	0.0614705882352942	0.04382352941176481	0.04676470588235304	0.06323529411764711	0.05970588235294126	0.044411764705882456	0.059117647058823615	0.046176470588235395
280		0.07235294117646975	0.049411764705882454	0.05352941176470598	0.04176470588235305	0.04647058823529422	0.0423529411764707	0.04705882352941187	0.05352941176470598	0.04176470588235305	0.04176470588235305	0.04176470588235305	0.04352941176470599	0.06117647058823538	0.04352941176470599	0.04647058823529422	0.06411764705882353	0.06000000000000009	0.044117647058823636	0.05941176470588244	0.045882352941176575
290		0.07323529411764616	0.049117647058823634	0.053823529411764805	0.04147058823529423	0.0461764705882354	0.04205882352941188	0.04676470588235305	0.053823529411764805	0.04147058823529423	0.04147058823529423	0.04147058823529423	0.04323529411764717	0.06088235294117656	0.04323529411764717	0.04676470588235305	0.0644117647058823	0.060294117647058915	0.04382352941176482	0.06088235294117656	0.045588235294117756
300		0.07411764705882258	0.04941176470588246	0.05411764705882363	0.04117647058823541	0.04647058823529423	0.04176470588235306	0.047058823529411875	0.053529411764705985	0.04117647058823541	0.04117647058823541	0.04117647058823541	0.04294117647058835	0.06117647058823539	0.04294117647058835	0.04647058823529423	0.0641176470588234	0.06117647058823539	0.043529411764706	0.06117647058823539	0.045294117647058936
310		0.07441176470588134	0.04911764705882364	0.05441176470588246	0.04088235294117659	0.04617647058823541	0.042058823529411885	0.046764705882353055	0.053235294117647165	0.04088235294117659	0.04088235294117659	0.04147058823529424	0.04323529411764718	0.061470588235294214	0.04264705882352953	0.0473529411764707	0.06382352941176452	0.061470588235294214	0.04323529411764718	0.061470588235294214	0.045000000000000116
320		0.07470588235294011	0.04941176470588247	0.054705882352941285	0.04058823529411777	0.04588235294117659	0.041764705882353065	0.046470588235294236	0.052941176470588346	0.04058823529411777	0.04058823529411777	0.04117647058823542	0.04294117647058836	0.06176470588235304	0.043529411764706004	0.04705882352941188	0.06588235294117624	0.061176470588235395	0.04294117647058836	0.061176470588235395	0.0447058823529413
330		0.07441176470588122	0.04911764705882365	0.056176470588235404	0.04029411764705895	0.04558823529411777	0.041470588235294245	0.04676470588235306	0.052647058823529526	0.04029411764705895	0.04029411764705895	0.0408823529411766	0.04264705882352954	0.06205882352941187	0.043235294117647184	0.04676470588235306	0.06794117647058796	0.060882352941176575	0.04264705882352954	0.06147058823529422	0.04441176470588248
340		0.07529411764705764	0.04882352941176483	0.055882352941176584	0.04000000000000013	0.04529411764705895	0.041176470588235425	0.04647058823529424	0.05294117647058835	0.04000000000000013	0.04000000000000013	0.04058823529411778	0.04235294117647072	0.062352941176470694	0.042941176470588364	0.04647058823529424	0.06882352941176438	0.062352941176470694	0.04235294117647072	0.06176470588235305	0.04411764705882366
350		0.0755882352941164	0.0497058823529413	0.055588235294117765	0.03970588235294131	0.04500000000000013	0.040882352941176606	0.04676470588235307	0.05264705882352953	0.03970588235294131	0.03970588235294131	0.04029411764705896	0.0420588235294119	0.06264705882352947	0.042647058823529545	0.04617647058823542	0.06852941176470549	0.06382352941176477	0.0420588235294119	0.0626470588235295	0.04382352941176484
360		0.07529411764705751	0.05000000000000013	0.05588235294117659	0.03941176470588249	0.04529411764705896	0.040588235294117786	0.04647058823529425	0.05294117647058836	0.03941176470588249	0.03941176470588249	0.04000000000000014	0.04176470588235308	0.06294117647058826	0.042352941176470725	0.04647058823529425	0.06882352941176426	0.06470588235294118	0.04176470588235308	0.06294117647058826	0.04352941176470602
370		0.07617647058823393	0.050294117647058954	0.05617647058823542	0.039117647058823674	0.04558823529411778	0.040294117647058966	0.04617647058823543	0.05264705882352954	0.039117647058823674	0.039117647058823674	0.03970588235294132	0.04147058823529426	0.06323529411764703	0.042058823529411905	0.04617647058823543	0.07029411764705833	0.0644117647058823	0.04147058823529426	0.06323529411764703	0.0432352941176472
380		0.0764705882352927	0.05058823529411778	0.0558823529411766	0.038823529411764854	0.04588235294117661	0.04000000000000015	0.04588235294117661	0.05235294117647072	0.038823529411764854	0.038823529411764854	0.0394117647058825	0.04117647058823544	0.0647058823529411	0.04235294117647073	0.04588235294117661	0.07058823529411709	0.0641176470588234	0.04117647058823544	0.06411764705882345	0.04294117647058838
390		0.0761764705882338	0.05088235294117661	0.056176470588235425	0.038529411764706034	0.04558823529411779	0.03970588235294133	0.04617647058823544	0.05323529411764719	0.038529411764706034	0.038529411764706034	0.03911764705882368	0.041470588235294266	0.06499999999999986	0.04205882352941191	0.04558823529411779	0.07088235294117586	0.06499999999999982	0.04088235294117662	0.06382352941176456	0.04264705882352956
400		0.07647058823529257	0.051176470588235434	0.05647058823529425	0.038235294117647214	0.04529411764705897	0.03941176470588251	0.04588235294117662	0.05352941176470602	0.038235294117647214	0.038235294117647214	0.03941176470588251	0.041176470588235446	0.06588235294117628	0.04176470588235309	0.04529411764705897	0.07058823529411697	0.06529411764705859	0.041176470588235446	0.06411764705882332	0.04235294117647074
410		0.07676470588235133	0.050882352941176615	0.05617647058823543	0.037941176470588395	0.04500000000000015	0.03911764705882369	0.0455882352941178	0.053823529411764846	0.037941176470588395	0.037941176470588395	0.03911764705882369	0.040882352941176626	0.067941176470588	0.04147058823529427	0.04500000000000015	0.07205882352941104	0.06558823529411735	0.040882352941176626	0.06382352941176443	0.04205882352941192
420		0.0770588235294101	0.050588235294117795	0.05647058823529426	0.037647058823529575	0.04470588235294133	0.03882352941176487	0.04529411764705898	0.05352941176470603	0.037647058823529575	0.037647058823529575	0.03882352941176487	0.04058823529411781	0.06882352941176442	0.04117647058823545	0.04529411764705898	0.07176470588235215	0.06647058823529377	0.04058823529411781	0.0652941176470585	0.0417647058823531
430		0.07735294117646886	0.050294117647058975	0.056764705882353085	0.037352941176470755	0.04441176470588251	0.03852941176470605	0.04500000000000016	0.0544117647058825	0.037352941176470755	0.037352941176470755	0.03852941176470605	0.04088235294117663	0.06970588235294084	0.04088235294117663	0.04500000000000016	0.07264705882352857	0.06617647058823488	0.04029411764705899	0.06558823529411727	0.04147058823529428
440		0.07764705882352763	0.050000000000000155	0.056470588235294265	0.037058823529411936	0.04470588235294134	0.038823529411764875	0.04470588235294134	0.05411764705882368	0.037058823529411936	0.037058823529411936	0.03823529411764723	0.040588235294117814	0.07117647058823491	0.040588235294117814	0.04470588235294134	0.07411764705882264	0.06647058823529364	0.04000000000000017	0.06529411764705838	0.04117647058823546
450		0.0791176470588217	0.049705882352941336	0.056176470588235446	0.036764705882353116	0.04441176470588252	0.038529411764706055	0.045000000000000165	0.0555882352941178	0.036764705882353116	0.036764705882353116	0.03794117647058841	0.040294117647058994	0.07205882352941133	0.040294117647058994	0.045000000000000165	0.07382352941176375	0.06617647058823475	0.03970588235294135	0.06499999999999949	0.04088235294117664
460		0.08058823529411577	0.05000000000000016	0.055882352941176626	0.03705882352941194	0.0441176470588237	0.038235294117647235	0.044705882352941345	0.055882352941176626	0.036470588235294296	0.036470588235294296	0.03764705882352959	0.040000000000000174	0.07235294117647009	0.040000000000000174	0.044705882352941345	0.07411764705882251	0.06588235294117586	0.03941176470588253	0.0658823529411759	0.04058823529411782
470		0.08147058823529219	0.04970588235294134	0.05617647058823545	0.03676470588235312	0.04382352941176488	0.037941176470588416	0.04500000000000017	0.055588235294117806	0.036176470588235476	0.036176470588235476	0.03735294117647077	0.039705882352941355	0.07323529411764651	0.040294117647059	0.044411764705882525	0.07382352941176362	0.06676470588235228	0.03911764705882371	0.06617647058823467	0.040294117647059
480		0.0823529411764686	0.04941176470588252	0.05588235294117663	0.0364705882352943	0.04352941176470606	0.037647058823529596	0.04470588235294135	0.05588235294117663	0.03588235294117666	0.03588235294117666	0.03705882352941195	0.039411764705882535	0.07470588235294058	0.04000000000000018	0.044117647058823706	0.07470588235294004	0.0676470588235287	0.03882352941176489	0.06588235294117578	0.04000000000000018
490		0.08323529411764502	0.0491176470588237	0.05617647058823546	0.03617647058823548	0.04323529411764724	0.037352941176470776	0.04441176470588253	0.05617647058823546	0.03558823529411784	0.03558823529411784	0.03676470588235313	0.039117647058823715	0.07499999999999934	0.03970588235294136	0.04441176470588253	0.07558823529411646	0.06852941176470512	0.03852941176470607	0.06558823529411689	0.03970588235294136
500		0.08470588235293909	0.048823529411764884	0.05588235294117664	0.035882352941176664	0.04294117647058842	0.037058823529411956	0.04411764705882371	0.056470588235294286	0.03529411764705902	0.03529411764705902	0.03647058823529431	0.038823529411764895	0.07470588235294046	0.03941176470588254	0.04411764705882371	0.07764705882352818	0.06882352941176388	0.03823529411764725	0.06588235294117566	0.03941176470588254
510		0.08499999999999786	0.048529411764706064	0.05558823529411782	0.035588235294117844	0.0426470588235296	0.03735294117647078	0.04382352941176489	0.05735294117647076	0.0350000000000002	0.0350000000000002	0.03617647058823549	0.038529411764706076	0.07499999999999922	0.03970588235294137	0.04382352941176489	0.07735294117646929	0.0697058823529403	0.038529411764706076	0.06617647058823442	0.03911764705882372
520		0.08588235294117427	0.048235294117647244	0.05588235294117665	0.035294117647059024	0.04235294117647078	0.03705882352941196	0.04411764705882372	0.05705882352941194	0.03470588235294138	0.03470588235294138	0.03588235294117667	0.038235294117647256	0.07705882352941094	0.03941176470588255	0.04352941176470607	0.07823529411764571	0.06941176470588141	0.038235294117647256	0.06588235294117553	0.0388235294117649
530		0.08852941176470365	0.04852941176470607	0.05558823529411783	0.035000000000000205	0.04205882352941196	0.036764705882353144	0.0438235294117649	0.05676470588235312	0.03441176470588256	0.03441176470588256	0.03558823529411785	0.03852941176470608	0.07735294117646971	0.03911764705882373	0.0438235294117649	0.07852941176470447	0.06911764705882252	0.037941176470588436	0.06558823529411664	0.03852941176470608
540		0.08823529411764476	0.04823529411764725	0.055882352941176654	0.034705882352941385	0.04176470588235314	0.036470588235294324	0.04352941176470608	0.05764705882352959	0.03411764705882374	0.03411764705882374	0.03529411764705903	0.03823529411764726	0.07941176470588143	0.03882352941176491	0.04352941176470608	0.07882352941176324	0.06882352941176363	0.03764705882352962	0.06647058823529306	0.03823529411764726
550		0.08911764705882118	0.04794117647058843	0.055588235294117834	0.034411764705882565	0.04205882352941197	0.036176470588235504	0.04323529411764726	0.05794117647058842	0.03382352941176492	0.03382352941176492	0.03500000000000021	0.03794117647058844	0.0797058823529402	0.03852941176470609	0.04323529411764726	0.07970588235293966	0.06970588235294005	0.0373529411764708	0.06676470588235182	0.03794117647058844
560		0.0899999999999976	0.04764705882352961	0.055294117647059014	0.034117647058823745	0.04176470588235315	0.035882352941176685	0.04294117647058844	0.058235294117647246	0.0335294117647061	0.0335294117647061	0.03470588235294139	0.037647058823529624	0.08058823529411661	0.03823529411764727	0.04352941176470609	0.08058823529411607	0.06999999999999881	0.03705882352941198	0.06647058823529294	0.03823529411764727
570		0.0897058823529387	0.04794117647058844	0.05558823529411784	0.033823529411764926	0.04147058823529433	0.035588235294117865	0.04264705882352962	0.05911764705882372	0.03323529411764728	0.033823529411764926	0.03441176470588257	0.037352941176470804	0.08088235294117538	0.03794117647058845	0.04323529411764727	0.08205882352941014	0.06970588235293992	0.03676470588235316	0.0667647058823517	0.03794117647058845
580		0.08999999999999747	0.04764705882352962	0.05588235294117667	0.033529411764706106	0.041764705882353155	0.035294117647059045	0.0423529411764708	0.0588235294117649	0.03294117647058846	0.033529411764706106	0.03411764705882375	0.03764705882352963	0.08117647058823414	0.03764705882352963	0.04411764705882374	0.08294117647058656	0.06999999999999869	0.03647058823529434	0.06647058823529281	0.03764705882352963
590		0.09088235294117389	0.047941176470588445	0.056176470588235494	0.033235294117647286	0.04205882352941198	0.035000000000000225	0.04205882352941198	0.059117647058823726	0.03264705882352964	0.033235294117647286	0.03382352941176493	0.03735294117647081	0.08264705882352821	0.03735294117647081	0.04382352941176492	0.08323529411764533	0.0697058823529398	0.03617647058823552	0.06617647058823392	0.03735294117647081
600		0.0917647058823503	0.047647058823529626	0.05647058823529432	0.03294117647058847	0.04235294117647081	0.034705882352941406	0.04176470588235316	0.05941176470588255	0.03235294117647082	0.03294117647058847	0.03352941176470611	0.03705882352941199	0.08294117647058698	0.03705882352941199	0.044705882352941394	0.08411764705882174	0.06941176470588091	0.0358823529411767	0.06588235294117503	0.03705882352941199
610		0.09205882352940907	0.047352941176470806	0.0561764705882355	0.03264705882352965	0.04205882352941199	0.034411764705882586	0.04147058823529434	0.05911764705882373	0.032058823529412	0.03264705882352965	0.03323529411764729	0.03676470588235317	0.0838235294117634	0.03676470588235317	0.044411764705882574	0.08558823529411581	0.07029411764705733	0.036176470588235525	0.0661764705882338	0.03676470588235317
620		0.09352941176470314	0.047058823529411986	0.05588235294117668	0.03235294117647083	0.042352941176470815	0.034117647058823766	0.04117647058823552	0.05941176470588256	0.03176470588235318	0.03235294117647083	0.032941176470588474	0.03647058823529435	0.08411764705882216	0.03647058823529435	0.044117647058823754	0.08647058823529223	0.07058823529411609	0.035882352941176705	0.06647058823529256	0.03647058823529435
630		0.09441176470587956	0.04735294117647081	0.05617647058823551	0.03205882352941201	0.042058823529411996	0.03382352941176495	0.0408823529411767	0.059705882352941386	0.03147058823529436	0.03205882352941201	0.032647058823529654	0.03617647058823553	0.08441176470588092	0.03617647058823553	0.04441176470588258	0.08617647058823334	0.0702941176470572	0.035588235294117886	0.06794117647058663	0.03617647058823553
640		0.09411764705882067	0.04764705882352964	0.05764705882352963	0.03176470588235319	0.041764705882353176	0.03352941176470613	0.04058823529411788	0.059411764705882567	0.03117647058823554	0.03176470588235319	0.032352941176470834	0.03588235294117671	0.08529411764705734	0.03588235294117671	0.04411764705882376	0.0864705882352921	0.07176470588235127	0.035294117647059066	0.06764705882352774	0.03588235294117671
650		0.09499999999999709	0.04735294117647082	0.057941176470588454	0.03147058823529437	0.041470588235294356	0.03323529411764731	0.04029411764705906	0.06029411764705904	0.03088235294117672	0.03147058823529437	0.032058823529412014	0.03558823529411789	0.08499999999999845	0.03558823529411789	0.045000000000000234	0.08617647058823322	0.07323529411764534	0.035000000000000246	0.06735294117646885	0.03558823529411789
660		0.09529411764705585	0.047058823529412	0.05882352941176493	0.03117647058823555	0.041176470588235536	0.03294117647058849	0.040000000000000244	0.06117647058823551	0.030588235294117902	0.03117647058823555	0.031764705882353195	0.03588235294117672	0.08529411764705722	0.03588235294117672	0.044705882352941415	0.08647058823529198	0.07294117647058646	0.034705882352941426	0.06764705882352762	0.03529411764705907
670		0.09617647058823227	0.04735294117647083	0.05852941176470611	0.03088235294117673	0.04147058823529436	0.03264705882352967	0.039705882352941424	0.06088235294117669	0.030294117647059082	0.03088235294117673	0.031470588235294375	0.0355882352941179	0.08617647058823363	0.0355882352941179	0.04500000000000024	0.08617647058823309	0.07323529411764522	0.03500000000000025	0.06794117647058638	0.03500000000000025
680		0.09705882352940869	0.04705882352941201	0.05823529411764729	0.031176470588235555	0.04117647058823554	0.03235294117647085	0.039411764705882604	0.06117647058823552	0.030000000000000263	0.03058823529411791	0.031176470588235555	0.03529411764705908	0.08823529411764536	0.03529411764705908	0.04470588235294142	0.08647058823529186	0.07352941176470398	0.03470588235294143	0.06764705882352749	0.03470588235294143
690		0.09735294117646745	0.047352941176470834	0.058529411764706114	0.03147058823529438	0.040882352941176724	0.03205882352941203	0.039117647058823785	0.06205882352941199	0.029705882352941443	0.03029411764705909	0.030882352941176736	0.03500000000000026	0.08970588235293943	0.03500000000000026	0.0444117647058826	0.08676470588235062	0.0732352941176451	0.034411764705882614	0.0673529411764686	0.034411764705882614
700		0.09823529411764387	0.047058823529412014	0.058235294117647295	0.031176470588235562	0.040588235294117904	0.03176470588235321	0.038823529411764965	0.06294117647058844	0.029411764705882623	0.03000000000000027	0.030588235294117916	0.03470588235294144	0.08941176470588054	0.03529411764705909	0.04470588235294143	0.08823529411764469	0.0729411764705862	0.034117647058823794	0.06764705882352737	0.034117647058823794
710		0.09794117647058498	0.046764705882353194	0.05852941176470612	0.030882352941176743	0.040294117647059084	0.03147058823529439	0.038529411764706145	0.06382352941176486	0.029117647058823803	0.02970588235294145	0.030882352941176743	0.03441176470588262	0.0897058823529393	0.03500000000000027	0.04441176470588261	0.08911764705882111	0.07323529411764497	0.033823529411764974	0.06852941176470378	0.033823529411764974
720		0.09823529411764374	0.04764705882352967	0.05882352941176495	0.03117647058823557	0.04058823529411791	0.03117647058823557	0.038235294117647325	0.06411764705882363	0.028823529411764984	0.02941176470588263	0.030588235294117923	0.0341176470588238	0.09058823529411572	0.03470588235294145	0.04411764705882379	0.08941176470587987	0.07294117647058608	0.033529411764706155	0.0682352941176449	0.033529411764706155
730		0.09911764705882016	0.047941176470588494	0.05970588235294142	0.03088235294117675	0.04029411764705909	0.03088235294117675	0.037941176470588506	0.06382352941176474	0.028529411764706164	0.02911764705882381	0.030294117647059103	0.03382352941176498	0.09029411764705683	0.03441176470588263	0.04382352941176497	0.08970588235293864	0.07323529411764484	0.03382352941176498	0.06911764705882131	0.033235294117647335
740		0.09882352941176127	0.04882352941176497	0.06000000000000025	0.03058823529411793	0.04000000000000027	0.03058823529411793	0.037647058823529686	0.06352941176470585	0.028235294117647344	0.02882352941176499	0.030000000000000283	0.03352941176470616	0.08999999999999794	0.03411764705882381	0.044117647058823796	0.0899999999999974	0.07411764705882126	0.03352941176470616	0.07058823529411538	0.032941176470588515
750		0.10029411764705534	0.04852941176470615	0.060294117647059074	0.03029411764705911	0.0402941176470591	0.03029411764705911	0.037352941176470866	0.06323529411764696	0.027941176470588525	0.02852941176470617	0.029705882352941464	0.03323529411764734	0.08970588235293905	0.03382352941176499	0.043823529411764976	0.09029411764705617	0.07558823529411533	0.03323529411764734	0.07088235294117415	0.032647058823529695
760		0.09999999999999645	0.048823529411764974	0.061764705882353194	0.03000000000000029	0.04000000000000028	0.03000000000000029	0.03705882352941205	0.06352941176470572	0.027647058823529705	0.02823529411764735	0.029411764705882644	0.03294117647058852	0.08999999999999782	0.03352941176470617	0.0441176470588238	0.09058823529411493	0.0758823529411741	0.03294117647058852	0.07117647058823291	0.032352941176470876
770		0.10088235294117287	0.048529411764706154	0.061470588235294374	0.02970588235294147	0.03970588235294146	0.02970588235294147	0.03676470588235323	0.06323529411764683	0.027352941176470885	0.02794117647058853	0.029117647058823824	0.0326470588235297	0.09205882352940954	0.03323529411764735	0.04382352941176498	0.09147058823529135	0.07558823529411521	0.0326470588235297	0.07205882352940933	0.032058823529412056
780		0.10058823529411398	0.048235294117647334	0.0617647058823532	0.02941176470588265	0.03941176470588264	0.02941176470588265	0.03647058823529441	0.06294117647058795	0.027058823529412065	0.027647058823529712	0.028823529411765005	0.03235294117647088	0.09176470588235065	0.03294117647058853	0.04411764705882381	0.09294117647058542	0.07705882352940928	0.03235294117647088	0.07294117647058575	0.031764705882353236
790		0.10088235294117275	0.04852941176470616	0.06264705882352962	0.02911764705882383	0.03911764705882382	0.02911764705882383	0.03617647058823559	0.06264705882352906	0.026764705882353246	0.027352941176470892	0.028529411764706185	0.03205882352941206	0.09264705882352707	0.03264705882352971	0.044411764705882636	0.09382352941176184	0.07735294117646804	0.03205882352941206	0.07264705882352686	0.03147058823529442
800		0.10176470588234916	0.04823529411764734	0.06235294117647077	0.02882352941176501	0.038823529411765	0.02882352941176501	0.03588235294117677	0.0635294117647055	0.026470588235294426	0.027058823529412072	0.028235294117647365	0.03176470588235324	0.09294117647058583	0.03235294117647089	0.04470588235294146	0.0941176470588206	0.07764705882352681	0.03176470588235324	0.07352941176470328	0.031176470588235597
810		0.10205882352940793	0.04794117647058852	0.06264705882352954	0.028529411764706192	0.03852941176470618	0.028529411764706192	0.03558823529411795	0.06441176470588192	0.026176470588235606	0.026764705882353253	0.027941176470588545	0.031470588235294424	0.09264705882352695	0.03205882352941207	0.04441176470588264	0.09617647058823232	0.07735294117646792	0.03205882352941207	0.07382352941176204	0.030882352941176777
820		0.103529411764702	0.0476470588235297	0.06235294117647069	0.028235294117647372	0.03823529411764736	0.028235294117647372	0.03529411764705913	0.06470588235294068	0.025882352941176787	0.026470588235294433	0.027647058823529726	0.031176470588235604	0.09352941176470336	0.03176470588235325	0.044117647058823824	0.09705882352940874	0.07823529411764434	0.03176470588235325	0.07352941176470315	0.030588235294117957
830		0.10499999999999607	0.04794117647058853	0.06382352941176478	0.027941176470588552	0.03794117647058854	0.027941176470588552	0.03500000000000031	0.0644117647058818	0.025588235294117967	0.026176470588235613	0.027352941176470906	0.030882352941176784	0.09382352941176213	0.03147058823529443	0.043823529411765004	0.09794117647058516	0.07794117647058545	0.03147058823529443	0.07323529411764426	0.030294117647059138
840		0.10647058823529014	0.04764705882352971	0.06411764705882354	0.027647058823529733	0.03764705882352972	0.027647058823529733	0.03470588235294149	0.06588235294117586	0.025294117647059147	0.025882352941176794	0.027058823529412086	0.030588235294117964	0.09352941176470324	0.03117647058823561	0.043529411764706184	0.09823529411764392	0.07882352941176186	0.03117647058823561	0.07294117647058537	0.030000000000000318
850		0.1067647058823489	0.04735294117647089	0.06382352941176465	0.027352941176470913	0.0373529411764709	0.02794117647058856	0.03441176470588267	0.06558823529411698	0.025000000000000328	0.025588235294117974	0.026764705882353267	0.03088235294117679	0.09441176470587966	0.03088235294117679	0.043235294117647365	0.09852941176470269	0.08029411764705593	0.03088235294117679	0.07323529411764414	0.0297058823529415
860		0.10705882352940767	0.04705882352941207	0.06352941176470576	0.027058823529412093	0.03705882352941208	0.02764705882352974	0.034705882352941496	0.06529411764705809	0.024705882352941508	0.025294117647059154	0.026470588235294447	0.03058823529411797	0.09529411764705607	0.03058823529411797	0.042941176470588545	0.09999999999999676	0.08176470588235	0.03058823529411797	0.07294117647058525	0.02941176470588268
870		0.10794117647058409	0.047352941176470896	0.06323529411764688	0.026764705882353274	0.03676470588235326	0.02735294117647092	0.034411764705882676	0.06558823529411685	0.024411764705882688	0.025000000000000334	0.026176470588235627	0.03029411764705915	0.09617647058823249	0.03029411764705915	0.04323529411764737	0.09970588235293787	0.08264705882352642	0.03029411764705915	0.07323529411764401	0.02911764705882386
880		0.10941176470587816	0.04764705882352972	0.06352941176470564	0.026470588235294454	0.037647058823529735	0.0270588235294121	0.034117647058823856	0.06588235294117561	0.02411764705882387	0.024705882352941515	0.025882352941176807	0.030000000000000332	0.0958823529411736	0.030000000000000332	0.04294117647058855	0.09999999999999663	0.08294117647058519	0.030000000000000332	0.07294117647058512	0.02882352941176504
890		0.11029411764705457	0.04794117647058855	0.06441176470588206	0.026176470588235634	0.037352941176470915	0.02676470588235328	0.03382352941176504	0.06558823529411673	0.02382352941176505	0.024411764705882695	0.025588235294117988	0.029705882352941512	0.09676470588235002	0.029705882352941512	0.04264705882352973	0.09970588235293774	0.08441176470587926	0.029705882352941512	0.07264705882352623	0.02852941176470622
900		0.10999999999999568	0.04882352941176502	0.06529411764705847	0.025882352941176814	0.03764705882352974	0.02647058823529446	0.03352941176470622	0.06529411764705784	0.02352941176470623	0.024117647058823875	0.025294117647059168	0.029411764705882693	0.09647058823529113	0.030588235294117985	0.04235294117647091	0.09999999999999651	0.08470588235293802	0.029411764705882693	0.072941176470585	0.0282352941176474
910		0.1097058823529368	0.049705882352941495	0.06499999999999959	0.025588235294117995	0.03735294117647092	0.02617647058823564	0.033823529411765044	0.0655882352941166	0.02323529411764741	0.023823529411765056	0.02500000000000035	0.029117647058823873	0.09735294117646755	0.030294117647059166	0.04205882352941209	0.10147058823529058	0.08499999999999679	0.029117647058823873	0.07264705882352611	0.02794117647058858
920		0.11117647058823087	0.05000000000000032	0.0647058823529407	0.025294117647059175	0.0370588235294121	0.02588235294117682	0.033529411764706224	0.06529411764705771	0.02294117647058859	0.023529411764706236	0.02470588235294153	0.028823529411765053	0.09764705882352631	0.030588235294117992	0.04176470588235327	0.10176470588234934	0.0858823529411732	0.028823529411765053	0.07294117647058487	0.02764705882352976
930		0.11205882352940728	0.0497058823529415	0.06558823529411711	0.025000000000000355	0.03676470588235328	0.025588235294118	0.033235294117647404	0.06558823529411648	0.02264705882352977	0.023823529411765063	0.02441176470588271	0.028529411764706233	0.09852941176470273	0.030294117647059172	0.04147058823529445	0.10147058823529045	0.08617647058823197	0.028529411764706233	0.07323529411764364	0.02735294117647094
940		0.11235294117646605	0.05000000000000033	0.06529411764705823	0.024705882352941536	0.03705882352941211	0.025294117647059182	0.032941176470588585	0.06529411764705759	0.02235294117647095	0.02411764705882389	0.02411764705882389	0.028235294117647414	0.0988235294117615	0.030000000000000353	0.041176470588235634	0.10235294117646687	0.08705882352940839	0.02882352941176506	0.07294117647058475	0.02705882352941212
